79110 749711011797114121 49 44 49535151 44 771059910497101108 6511010310110811144 116104101110 10210510211612145115101118101110 12110197114115 11110810044 119114105116101115
102114111109 7010811111410111099101 116111 8411110910997115111 10010139 67971189710810510111410544 97 121111117116104 111102 11011198108101 8211110997110 1029710910510812144
119104111 9710211610111411997114100115 981019997109101 104105115 10297118111117114105116101 11211711210510858 3473102 73 100111 110111116 112111115115101115115 116104101
97114116 111102 1109711810510397116105110103 116104101 11510197 111102 121111117114 112111116101110116 10310111010511711544 11610497116 103101110105117115 119105108108
110101118101114116104101108101115115 10112099117115101 10910144 97110100 110101105116104101114 100101115112105115101 109121 1051101011131179710810511612144 110111114 10010110997110100
111102 109101 11610497116 11910410599104 73 10497118101 105116 110111116 105110 109101 116111 10310511810159 11510511099101 11610497116 11910410599104 11511697110100115
97108111110101 105110 101118101114121116104105110103 9997110 105110 110111116104105110103 102105110100 105116115 991111171101161011141129711411646 87104101114101102111114101 121111117114
10811111410011510410511244 95116104101 111110108121 108105103104116 105110 111117114 97103101 1181111179910411597102101100 116111 116104105115 11911111410810011595 10497118105110103
110111 10111311797108 111114 11210110111444 9997110110111116 102105110100 115971161051151029799116105111110 105110 116104101 119111114107 111102 97110121 111116104101114
1049711010046 7310244 11610410111410110211111410144 116104105115 111114 11610497116 105110 116104101 119111114107115 11910410599104 73 104111112101 97110100 112114111109105115101
116111 10112010199117116101 115104111117108100 10497112112101110 116111 11210810197115101 12111111744 73 115104111117108100 9997108108 11610497116 11911111410744 110111116
10311111110044 98117116 1021111141161171109711610146 65110100 105102 73 115104111117108100 101118101114 102101101108 97115115117114101100 11610497116454597115 10497115
98101101110 114101112111114116101100 116111 109101454573 10497118101 103105118101110 121111117114 108111114100115104105112 115971161051151029799116105111110 105110 111110101
116104105110103 111114 9711011111610410111444 73 119105108108 10997107101 97 103105102116 116111 121111117 111102 109121 112114101115101110116 97110100 111102 97108108
11610497116 116104101 102117116117114101 10997121 98114105110103 10910159 97110100 105116 119105108108 98101 97 10311410197116 11297105110 116111 109101 116111 98101
1171109798108101 116111 1141019997108108 116104101 1129711511644 105110 111114100101114 116111 115101114118101 121111117 115111 10911799104 116104101 10811111010310111444
10511011511610197100 111102 10497118105110103 111110108121 116104101 10211711611711410144 11910410599104 9997110110111116 98101 10811111010344 11510511099101 73 97109 97108108
116111111 11110810046 84104101114101 105115 110111116104105110103 109111114101 108101102116 102111114 109101 116111 1159712146 8210197100 109121 10410197114116 97110100
110111116 109121 10810111611610111444 102111114 109121 112101110 9997110110111116 971121121141119799104 116104101 101120112114101115115105111110 111102 109121 103111111100
119105108108463491 51 93

679711897108105101114105 119114105116101115 116111 771059910497101108 65110103101108111 11610497116 104101 11410110397114100115 104105109115101108102 97115 98111114110
97110101119 11510511099101 104101 10497115 99111109101 116111 107110111119 116104101 779711511610111459 119104111 11410111210810510111544 3473 102111114 109121 11297114116
115104111117108100 11410110397114100 109121115101108102 97115 110111116 9811111411044 98111114110 1001019710044 111114 100101115101114116101100 98121 10410197118101110 97110100
1019711411610444 105102 121111117114 108101116116101114115 10497100 110111116 98114111117103104116 109101 116104101 11210111411511797115105111110 11610497116 121111117114
108111114100115104105112 979999101112116115 119105116104 10297118111117114 9910111411697105110 111102 109121 1191111141071154634 65110100 105110 97 108101116116101114 111102
116104101 102111108108111119105110103 115117109109101114 116111 83101989711511610597110 100101108 801051111099811144 104101 115101110100115 97 103114101101116105110103 116111
77101115115101114 841111091099711511144 119105116104 116104101 11911111410011558 3473 98101108105101118101 9573 115104111117108100 10511011511697110116108121 10297108108
100111119110 1001019710095 105102 104101 119101114101 110111 108111110103101114 105110 109121 116104111117103104116115463491 52 93

771059910497101108 65110103101108111 11210897121115 117112111110 104105115 10211410510111010039115 11511711411097109101 97115 831049710710111511210197114101 11210897121115
117112111110 104105115 10211410510111010039115 6710411410511511610597110 1109710910146 84104101115101 97114101 116104101 10897115116 108105110101115 111102 116104101
11610410511411612145102105114115116 115111110110101116584545

   3483101 11810511011639 101 11211410111539 10539 100101989839 101115115101114 981019711611144
    771011149711810510310810597 110111110 101 11510144 11011710039 101 11511110811144
    82101115116111 112114105103105111110 10039117110 9567971189710810510111495 97114109971161114634

    3473102 111110108121 9910497105110115 97110100 9897110100115 9997110 10997107101 109101 9810810111511644
     78111 10997114118101108 105102 97108111110101 97110100 9897114101 73 103111
     65110 97114109101100 10711010510310411639115 9997112116105118101 97110100 11510897118101 991111101021011151151011004634
    40957446 6546 83121109111110100115954641

73110 111116104101114 115111110110101116115 116104101 116111110101 105115 110111 108101115115 1129711511510511111097116101 11610497110 83104971071011151121019711410139115
45451169710710144 102111114 1011209710911210810144 116104101 1161191011101161214511510199111110100584545

    3477111114101 116101110100101114108121 112101114991049711099101 11610497110 105115 109121 10011710144
     89111117114 115112105114105116 115101101115 105110116111 109121 1041019711411644 119104101114101 114105115101
     84104101 10210897109101115 111102 104111108121 11911111411510410511244 110111114 100101110105101115
     84104101 1031149799101 114101115101114118101100 102111114 116104111115101 119104111 10411710998108121 11511710146
     79104 98108101115115101100 10097121 119104101110 121111117 97116 10897115116 97114101 10910511010133
     76101116 116105109101 11511697110100 11511610510810844 97110100 108101116 11011111111039115 9910497114105111116 1151169712159
     70105120101100 98101 11610497116 109111109101110116 111110 116104101 10010597108 111102 1041019711810111033
     8410497116 73 10997121 9910897115112 97110100 10710110111244 98121 1031149799101 1001051181051101014545
     6710897115112 105110 116104101115101 12110197114110105110103 97114109115 97110100 107101101112 102111114 97121101
     77121 1041019711411639115 108111118101100 108111114100 116111 109101 100101115101114116108101115115 103105118101110463491 53 93
                                    40957446 6546 83121109111110100115954641

73110 9911110911297114105115111110 119105116104 67971189710810510111410544 771059910497101108 65110103101108111 99111117108100 119105116104 10611711511610599101 9997108108
104105109115101108102 11110810046 83111109101 991141051161059911544 111110 116104101 111116104101114 1049711010044 10497118101 115101101110 105110 116104101 1029799116
11610497116 831049710710111511210197114101 11997115 110111116 11410197108108121 111108100 97116 116104101 116105109101 119104101110 116104101 83111110110101116115 119101114101
11911410511611610111044 97 112114111111102 111102 116104101105114 9911111011810111011610511111097108 97110100 11711011410197108 9910497114979911610111446 66117116 116104105115
105115 116111 111118101114108111111107 116104101 11410110897116105118105116121 111102 116104101 11610111410946 65115 9911110911297114101100 119105116104 97 121111117116104 111102
10110510310411610110111044 831049710710111511210197114101 11997115 105110 10110210210199116 11110810044 119105116104 104105115 115105120116101101110 9710010010511610511111097108
12110197114115 97110100 97108108 104105115 10112011210111410510111099101 111102 10810510210146 65110100 105102 119101 97114101 114105103104116 105110 97115115105103110105110103
83111110110101116115 10812010510510546 97110100 10812012010510510546 116111 116104101 12110197114 49544848 111114 4954484944 831049710710111511210197114101 10497100
116104101110 1141019799104101100 116104101 97103101 111102 1161041051141161214511510111810111044 97110 97103101 97116 11910410599104 4097109111110103 104105115
991111101161011091121111149711410510111541 6811497121116111110 105110 104105115 95731001019795 100119101108108115 113117105116101 105110 116104101 11597109101 115112105114105116
117112111110 116104101 119114105110107108101115 111102 97103101 105110 104105115 102979910144 97110100 97116 1191041059910444 97115 84121108101114 10497115 118101114121
97112116108121 112111105110116101100 11111711644 66121114111110 105110 104105115 1151199711045115111110103 117115101115 101120112114101115115105111110115 9798111117116
104105109115101108102 11910410599104 109105103104116 10497118101 98101101110 99111112105101100 102114111109 83104971071011151121019711410139115 11510111810111011612145116104105114100
8311111011010111646 831049710710111511210197114101 11597121115584545

    348410497116 116105109101 111102 12110197114 116104111117 10997121115116 105110 109101 98101104111108100
     87104101110 95121101108108111119 108101971181011159544 111114 11011111010144 111114 10210111944 100111 10497110103
     85112111110 116104111115101 98111117103104115 11910410599104 11510497107101 9710397105110115116 116104101 99111108100
     6697114101 11411710511039100 9910411110511411544 119104101114101 10897116101 116104101 115119101101116 98105114100115 115971101034634

66121114111110 116104117115 101120112114101115115101115 104105109115101108102584545

    3477121 10097121115 97114101 105110 95116104101 121101108108111119 10810197102954491 54 93
       84104101 102108111119101114115 97110100 102114117105116115 111102 108111118101 97114101 10311111010144
     84104101 11911111410944 116104101 9997110107101114 97110100 116104101 103114105101102
       65114101 109105110101 971081111101014634

73110 831049710710111511210197114101 119101 11410197100584545

    3473110 109101 116104111117 115101101115116 95116104101 103108111119105110103 111102 11511799104 10210511410195
     8410497116 111110 116104101 97115104101115 111102 104105115 121111117116104 100111116104 108105101
     65115 116104101 9510010197116104459810110095 119104101114101111110 105116 109117115116 10112011210511410144
     6711111011511710939100 119105116104 11610497116 11910410599104 105116 11997115 11011111711410511510439100 981214634

6612111411111039115 119111114100115 97114101584545

    349584104101 102105114101 11610497116 111110 109121 98111115111109 11211410112111595
          73115 108111110101 97115 115111109101 118111108999711010599 10511510810159
     78111 11611111499104 105115 107105110100108101100 97116 105116115 98108971221014545
       9565 10211711010111497108 1121051081019534

84104117115 98111116104 112111101116115 108105107101110 11610410110911510110811810111544 97116 116104105115 991111091129711497116105118101108121 10197114108121 9710310144 116111
116104101 119105110116114121 119111111100115 119105116104 116104101105114 121101108108111119105110103 1081019711810111544 97110100 119105116104111117116 9810811111511511110944
10211411710511644 111114 116104101 115111110103 111102 9810511410011559 97110100 98111116104 9911110911297114101 116104101 102105114101 11910410599104 115116105108108
103108111119115 105110 116104101105114 115111117108 116111 97 11511110810511697114121 10210897109101 11910410599104 102105110100115 110111 110111117114105115104109101110116 102114111109
11910511610411111711646 84104101 97115104101115 111102 109121 121111117116104 9810199111109101 105116115 10010197116104459810110044 11597121115 83104971071011151121019711410146
84104101121 97114101 97 10211711010111497108 11210510810144 11597121115 6612111411111046

78111114 105115 105116 11211111511510598108101 116111 991111109910811710010144 97115 839910411799107 10011110111544 102114111109 116104101 9911111011810111011610511111097108
115116121108101 111102 116104101 102105114115116 115101118101110116101101110 831111101101011161154545102111114 105110115116971109910144 102114111109 116104101105114 97108109111115116
1181011149897108 105100101110116105116121 119105116104 97 1129711511597103101 105110 8310510011010112139115 956511499971001059795454511610497116 116104101121 97114101
113117105116101 100101118111105100 111102 11410110897116105111110 116111 116104101 11211110111639115 111119110 10810510210146

73110 11510411111411644 116104101 101108101109101110116115 111102 11610110911211111497114121 10297115104105111110 97110100 99111110118101110116105111110 11910410599104 9711211210197114
105110 116104101 83111110110101116115 105110 110111 11997121 112114111118101 11610497116 116104101121 119101114101 110111116 103101110117105110101 101120112114101115115105111110115
111102 116104101 11211110111639115 979911611797108 10210110110810511010311546

84104101121 10897121 9897114101 116111 117115 97 115105100101 111102 104105115 99104971149799116101114 11910410599104 100111101115 110111116 9711211210197114 105110
116104101 1121089712111546 87101 115101101 105110 104105109 97110 10110911111610511111097108 11097116117114101 119105116104 97 1129711511510511111097116101 98101110116
11611111997114100115 11510110810245115117114114101110100101114 105110 108111118101 97110100 1051001111089711611412144 97110100 119105116104 97 9911111411410111511211111010010511010344
116104111117103104 108101115115 1011209910111511510511810144 12110197114110105110103 116111 98101 10811111810110046

87101 10810197114110 102114111109 116104101 83111110110101116115 116111 11910497116 97 100101103114101101 831049710710111511210197114101 11997115 111112112114101115115101100
97110100 116111114109101110116101100 98121 104105115 115101110115101 111102 116104101 99111110116101109112116 105110 11910410599104 116104101 979911611111439115 9997108108105110103
11997115 10410110810046 84104101 11599111114110 111102 9711099105101110116 82111109101 102111114 116104101 109111117110116101989711010744 116104101 104111114114111114 111102
9711099105101110116 7411710010197 102111114 119104111101118101114 100105115103117105115101100 104105109115101108102 105110 116104101 10397114109101110116115 111102 116104101
111116104101114 11510112044 97110100 10210511097108108121 116104101 9710310145111108100 10497116114101100 111102 6710411410511511610597110105116121 102111114 11610410197116114101115
97110100 97108108 116104101 11610110911211697116105111110115 11610497116 102111108108111119 105110 116104101105114 11611497105110454597108108 116104101115101 1049798105116115
111102 116104111117103104116 10497100 98101101110 10497110100101100 100111119110 102114111109 10310111010111497116105111110 116111 1031011101011149711610511111044 9711010044 97115
8011711410511697110105115109 103114101119 105110 115116114101110103116104 97110100 10397105110101100 116104101 117112112101114 1049711010044 10497100 98101103111116116101110 97
99111110116101109112116117111117115 116111110101 111102 1121179810810599 111112105110105111110 117110100101114 11910410599104 115111 115101110115105116105118101 97 11097116117114101
97115 83104971071011151121019711410139115 99111117108100 110111116 98117116 115117102102101114 10710110111010812146 72101 11997115 110111116 11410110397114100101100 97115
97 112111101116 119104111 110111119 97110100 116104101110 979911610110044 98117116 97115 97110 9799116111114 119104111 110111119 97110100 116104101110 119114111116101
1121089712111546 73116 11997115 97 11297105110 116111 104105109 116111 102101101108 11610497116 104101 98101108111110103101100 116111 97 9997115116101 11910410599104
10497100 110111 9910511810599 1151169711611711546 7210111099101 104105115 991111091121089710511011644 105110 83111110110101116 1201201051204644 111102 98101105110103 34105110
1001051151031149799101 119105116104 102111114116117110101 97110100 10910111039115 1011211011154634 721011109910144 105110 83111110110101116 1201201201181054644 104105115
971151151171149711099101 116111 104105115 102114105101110100 11610497116 104101 119105108108 110111116 11198116114117100101 111110 111116104101114115 116104101 1029799116 111102
116104101105114 102114105101110100115104105112584545

    3473 10997121 110111116 101118101114109111114101 9799107110111119108101100103101 11610410110144
     76101115116 109121 9810111997105108101100 103117105108116 115104111117108100 100111 116104101101 1151049710910158
     78111114 116104111117 119105116104 1121179810810599 107105110100110101115115 104111110111117114 10910144
     85110108101115115 116104111117 11697107101 11610497116 104111110111117114 102114111109 116104121 1109710910158
     66117116 100111 110111116 11511159 73 108111118101 116104101101 105110 11511799104 11511111411644
     6511544 116104111117 98101105110103 10910511010144 109105110101 105115 116104121 103111111100 1141011121111141164634

84104101 98105116116101114 9911110911210897105110116 105110 83111110110101116 10812012010510546 115101101109115 11497116104101114 116111 114101102101114 116111 116104101
11911410511610111439115 11510511611797116105111110 97115 97 1001149710997116105115116584545


    3470111114 73 97109 11510497109101100 98121 11610497116 11910410599104 73 98114105110103 10211111411610444
     65110100 115111 115104111117108100 12111111744 116111 108111118101 116104105110103115 110111116104105110103 1191111141161044634

84104101 1091011089711099104111108121 11910410599104 102105108108115 83111110110101116 9912046 105115 111999997115105111110101100 98121 116104101 11911410511610111439115
112114111102101115115105111110 97110100 104105115 11097116117114101 97115 97 112111101116 97110100 97114116105115116584545

    34651089711533 39116105115 11611411710144 73 10497118101 103111110101 104101114101 97110100 11610410111410144
     65110100 10997100101 109121115101108102 97 109111116108101121 116111 116104101 11810510111959
     7111111439100 109105110101 111119110 11610411111710310411611544 115111108100 9910410197112 11910497116 105115 109111115116 1001019711444
     7797100101 111108100 11110210210111099101115 111102 9710210210199116105111110115 11010111958
     77111115116 116114117101 105116 10511544 11610497116 73 10497118101 10811111110739100 111110 116114117116104
     651151079711099101 97110100 1151161149711010310110812159 9811711644 98121 97108108 979811111810144
     84104101115101 9810810111099104101115 10397118101 109121 10410197114116 97110111116104101114 12111111711610444
     65110100 119111114115101 10111511597121115 11211411111839100 116104101101 109121 98101115116 111102 1081111181014634

721011109910144 1021051109710810812144 104105115 1141011121141119799104 116111 7011111411611711010144 105110 83111110110101116 991201054644 11610497116 115104101 100105100
110111116 3498101116116101114 102111114 104105115 108105102101 112114111118105100101 8410497110 1121179810810599 10910197110115 11910410599104 1121179810810599 10997110110101114115
9811410110110011534584545

    348410410111099101 99111109101115 105116 11610497116 109121 11097109101 11410199101105118101115 97 981149711010059
     65110100 97108109111115116 11610410111099101 109121 11097116117114101 105115 1151179810011739100
     84111 11910497116 105116 119111114107115 10511044 108105107101 116104101 10012110111439115 104971101004634

87101 109117115116 9810197114 105110 109105110100 116104105115 9911111011610511011797108 119114105116104105110103 117110100101114 116104101 11211410110611710010599101
9710397105110115116 104105115 9997108108105110103 97110100 104105115 9711411644 97110100 116104105115 10511010010510311097116105111110 97116 116104101 10511010611711511610599101
111102 116104101 97116116105116117100101 97100111112116101100 11611111997114100115 116104101109 98121 97 10311410197116 11297114116 111102 116104101 109105100100108101
991089711511510111544 105102 119101 119111117108100 11711010010111411511697110100 116104101 104105103104 112114101115115117114101 111102 83104971071011151121019711410139115
102101101108105110103115 11611111997114100115 116104101 11011198108101 121111117116104 119104111 10497100 971121121141119799104101100 104105109 102117108108 111102 116104101
9711411645108111118105110103 11611497100105116105111110115 111102 116104101 9711410511511611199114979912144 97110100 116104101 98117114110105110103 10111011610411711510597115109
111102 116104101 121111117110103 102111114 1051101161011081081019911611797108 11511711210111410511111410511612146 8710510810810597109 721011149810111411644 119105116104 104105115
9810197117116121 97110100 104105115 11210111411511111097108 991049711410944 109117115116 10497118101 99111109101 116111 104105109 108105107101 97 118101114121 97110103101108
111102 10810510310411644 97 109101115115101110103101114 102114111109 97 104105103104101114 119111114108100 11610497110 11610497116 105110 11910410599104 104105115 108111116
11997115 999711511646 72101 11997115 97 108105118105110103 119105116110101115115 116111 116104101 1029799116 11610497116 831049710710111511210197114101 11997115 110111116
99111110100101109110101100 116111 115101101107 116104101 9711211210897117115101 111102 116104101 109117108116105116117100101 9710811111010144 98117116 99111117108100 119105110
116104101 10297118111117114 111102 116104101 11011198108101115116 105110 116104101 1089711010044 97110100 11997115 110111116 10112099108117100101100 102114111109 97 100101101112
97110100 97108109111115116 1129711511510511111097116101 102114105101110100115104105112 11910410599104 1121089799101100 104105109 111110 97110 10111311797108 102111111116105110103
119105116104 116104101 9810197114101114 111102 97110 9711099105101110116 1109710910146 801011099811411110710139115 10311410197116 9810197117116121 110111 10011111798116
10997100101 97 100101101112 105109112114101115115105111110 117112111110 116104101 981019711711612145108111118101114 105110 83104971071011151121019711410139115 11511111710846
73116 105115 118101114121 11211411198979810810144 11611111144 11610497116 116104101 121111117110103 97114105115116111991149711644 979999111114100105110103 116111 116104101
10297115104105111110 111102 116104101 11610510910111544 10997100101 116104101 112111101116 104105115 10010198116111114 102111114 115111108105100101114 981011101011029799116105111110115
11610497110 109101114101 10211410510111010011510410511259 97110100 831049710710111511210197114101 109117115116 116104117115 10497118101 102101108116 10011111798108121
11297105110102117108 116104101 11510511611797116105111110 105110 11910410599104 104101 11997115 1121089799101100 98121 116104101 105110116114105103117101 98101116119101101110
104105115 109105115116114101115115 97110100 104105115 1021141051011101004691 55 9346

73110 97110121 999711510144 116104101 9710210210199116105111110 119105116104 11910410599104 8010110998114111107101 105110115112105114101100
8310497107101115112101971141014545116104101 1129711511510511111097116101 97116116979910410910111011644 10810197100105110103 101118101110 116111 10610197108111117115121 111102
111116104101114 112111101116115 97100109105114101100 98121 116104101 121111117110103 1101119810810110997110454510497100 110111116 111110108121 97 11810511810510011010111511544
98117116 97110 10111411111610599 102101114118111117114 11511799104 97115 119101 110101118101114 102105110100 105110 111117114 99101110116117114121 10997110105102101115116101100
98101116119101101110 10997110 97110100 1099711046 78111116101 11511799104 97110 101120112114101115115105111110 97115 116104105115 105110 83111110110101116 9912046584545

    3484104101110 103105118101 109101 1191011089911110910144 110101120116 109121 10410197118101110 116104101 9810111511644
     69118101110 116111 116104121 112117114101 97110100 109111115116 109111115116 108111118105110103 98114101971151164634

84104105115 1011209799116108121 99111114114101115112111110100115 116111 771059910497101108 6511010310110811139115 1141019910111011610812145113117111116101100 100101115105114101 116111
349910897115112 105110 104105115 12110197114110105110103 97114109115 104105115 1041019711411639115 108111118101100 1081111141004634 79114 11198115101114118101 11511799104 97
108105110101 97115 116104105115 105110 83111110110101116 10812012011846584545

    3483111 97114101 121111117 116111 109121 116104111117103104116115 97115 102111111100 116111 1081051021014634

87101 10497118101 104101114101 97110 1011209799116 9911111711011610111411297114116 116111 116104101 102111108108111119105110103 101120112114101115115105111110115 105110 97
108101116116101114 102114111109 771059910497101108 65110103101108111 116111 67971189710810510111410544 10097116101100 74117108121 49535151 58 3473 119111117108100 10297114
11497116104101114 102111114103101116 116104101 102111111100 111110 11910410599104 73 10810511810144 11910410599104 11911410111699104101100108121 11511711511697105110115 116104101
98111100121 9710811111010144 11610497110 121111117114 1109710910144 11910410599104 11511711511697105110115 98111116104 98111100121 97110100 11511111710844 102105108108105110103
98111116104 119105116104 11511799104 10497112112105110101115115 11610497116 73 9997110 102101101108 110101105116104101114 9997114101 110111114 10210197114 111102 10010197116104
119104105108101 73 10497118101 105116 105110 109121 109101109111114121463491 56 93

84104101 1129711511510511111097116101 102101114118111117114 111102 116104105115 102114105101110100115104105112 111110 116104101 801089711611111010599 109111100101108 105115
97999911110911297110105101100 105110 83104971071011151121019711410144 97115 105110 771059910497101108 6511010310110811144 98121 97 11511798109105115115105118101110101115115
111110 116104101 11297114116 111102 116104101 101108100101114 102114105101110100 11611111997114100115 116104101 12111111711010310111444 1191041059910444 105110 116104101115101
116119111 115117112114101109101 10310111010511711510111544 9710210210199116115 116104101 109111100101114110 11410197100101114 1129710511010211710810812146 699799104 10497100 112117116
111102102 101118101114121 115104114101100 111102 112114105100101 105110 11410110897116105111110 116111 104105115 105100111108105115101100 121111117110103 10211410510111010046 72111119
11511611497110103101 105116 115101101109115 116111 102105110100 831049710710111511210197114101 9997108108105110103 104105109115101108102 121111117110103 721011149810111411639115
34115108971181014434 97110100 97115115117114105110103 104105109 11610497116 104105115 11610510910144 109111114101 11211410199105111117115 11610497110 11610497116 111102
97110121 111116104101114 10997110 116104101110 10810511810511010344 105115 111102 110111 1189710811710144 115111 11610497116 104105115 102114105101110100 10997121 108101116
104105109 11997105116 111114 115117109109111110 104105109 116111 104105115 115105100101 97115 104105115 999711211410599101 97110100 1029711099121 100105991169711610146
73110 83111110110101116 10811810510510546 104101 11511210197107115 111102 3411610497116 71111100 119104111 10997100101 109101 102105114115116 121111117114 115108971181014634
83111110110101116 10811810510546 114117110115 116104117115584545

    3466101105110103 95121111117114 115108971181019544 11910497116 115104111117108100 73 100111 98117116 116101110100
     85112111110 116104101 104111117114115 97110100 116105109101115 111102 121111117114 10010111510511410163
     73 10497118101 110111 11211410199105111117115 116105109101 97116 97108108 116111 11511210111010044
     78111114 11510111411810599101115 116111 10011144 116105108108 121111117 11410111311710511410146
     78111114 10097114101 73 99104105100101 116104101 1191111141081004511910511610411111711645101110100 10411111711444
     87104105108115116 7344 109121 11511111810111410110510311044 1199711699104 116104101 9910811199107 102111114 12111111744
     78111114 116104105110107 116104101 98105116116101114110101115115 111102 979811510111099101 11511111711444
     87104101110 121111117 10497118101 98105100 121111117114 11510111411897110116 11111099101 9710010510111759
     78111114 10097114101 73 113117101115116105111110 119105116104 109121 10610197108111117115 11610411111710310411644
     87104101114101 121111117 10997121 9810144 111114 121111117114 9710210297105114115 11511711211211111510159
     6611711644 108105107101 97 11597100 1151089711810144 11511697121 97110100 116104105110107 111102 11011111710310411644
     839711810144 119104101114101 121111117 97114101 104111119 10497112112121 121111117 10997107101 1161041111151014634

74117115116 97115 771059910497101108 65110103101108111 115112111107101 116111 679711897108105101114105 111102 104105115 119111114107115 97115 116104111117103104
116104101121 119101114101 115999711499101108121 119111114116104 104105115 10211410510111010039115 1101111161059910144 115111 100111101115 831049710710111511210197114101
115111109101116105109101115 11511210197107 111102 104105115 11810111411510111546 73110 83111110110101116 12012012010510546 104101 98101103115 104105115 102114105101110100115 116111
341141014511511711411810112134 116104101109 119104101110 104101 105115 10010197100584545

    3465110100 116104111117103104 116104101121 98101 11111711611511611410511211239100 98121 101118101114121 11210111044
     82101115101114118101 116104101109 102111114 109121 10811111810144 110111116 102111114 116104101105114 11410412110910144
     6912099101101100101100 98121 116104101 104101105103104116 111102 10497112112105101114 1091011104634

84104105115 104117109105108105116121 9810199111109101115 113117105116101 100101115112105999798108101 119104101110 97 981141019799104 105115 11610411410197116101110101100
98101116119101101110 116104101 10211410510111010011546 831049710710111511210197114101 116104101110 11410111210197116101100108121 112114111109105115101115 115111 116111 981089799107101110
104105109115101108102 11610497116 104105115 102114105101110100 11510497108108 1141019711244 110111116 1151049710910144 98117116 10411111011111711444 102114111109 104105115
1029710511610410810111511511010111511546 73110 83111110110101116 10812012012011810510510546584545

    3487105116104 109105110101 111119110 11910197107110101115115 98101105110103 98101115116 97991131179710511011610110044
     85112111110 116104121 11297114116 73 9997110 115101116 100111119110 97 115116111114121
     79102 10297117108116115 991111109910197108101100 119104101114101105110 73 97109 971161169710511011610110044
     8410497116 11610411111744 105110 108111115105110103 10910144 11510497108116 119105110 10911799104 1031081111141214634

83111110110101116 10812012012010512046 105115 115116105108108 109111114101 115116114111110103108121 119111114100101100584545

    3484104111117 9997110115116 11011111644 10811111810144 1001051151031149799101 109101 10497108102 115111 10510810844
     84111 115101116 97 102111114109 117112111110 100101115105114101100 991049711010310144
     65115 7339108108 109121115101108102 100105115103114979910158 107110111119105110103 116104121 11910510810844
     73 119105108108 9799113117971051101169711099101 1151161149711010310810144 97110100 108111111107 1151161149711010310159
     66101 9798115101110116 102114111109 116104121 1199710810711559 97110100 105110 109121 116111110103117101
     84104121 1151191011011164598101108111118101100 11097109101 110111 109111114101 11510497108108 10011910110810844
     76101115116 73 40116111111 10911799104 1121141111029711010141 115104111117108100 100111 105116 11911411111010344
     65110100 10497112108121 111102 111117114 111108100 9799113117971051101169711099101 11610110810846
        70111114 11610410110144 9710397105110115116 109121115101108102 7339108108 118111119 100101989711610144
        70111114 73 109117115116 11010139101114 108111118101 104105109 119104111109 116104111117 100111115116 104971161014634

87101 97114101 112111115105116105118101108121 115117114112114105115101100 11910410111044 105110 97 115105110103108101 112971151159710310144 105110 83111110110101116 1081201051054644
119101 99111109101 117112111110 97 1021111149910598108101 101120112114101115115105111110 111102 1151011081024510811111810159 98117116 105116 100111101115 110111116 101120116101110100
98101121111110100 116104101 102105114115116 10497108102 111102 116104101 8311111011010111659 105110 116104101 11510199111110100 10497108102 116104105115 11510110810245108111118101
105115 9710811410197100121 11410110397114100101100 97115 97 11510511044 97110100 831049710710111511210197114101 10411710998108121 1011021029799101115 104105109115101108102
98101102111114101 104105115 10211410510111010046 65108108 116104101 109111114101 10310897100108121 100111101115 116104101 11410197100101114 11910110899111109101 116104101 102101119
83111110110101116115 4010811846 97110100 1081201201201054641 105110 11910410599104 116104101 112111101116 99111110102105100101110116108121 11211410110010599116115 116104101
10510910911111411697108105116121 111102 116104101115101 104105115 117116116101114971109910111546 73116 105115 116114117101 11610497116 831049710710111511210197114101 105115
104101114101 10311410197116108121 10511010210811710111099101100 98121 97110116105113117105116121 97110100 98121 116104101 10297115104105111110 111102 104105115 9710310159
97110100 105116 105115 115105109112108121 97115 11410199111114100115 111102 104105115 10211410510111010039115 9810197117116121 97110100 971091059798105108105116121 11610497116
104105115 118101114115101115 97114101 116111 98101 112114101115101114118101100 116104114111117103104 97108108 97103101115 116111 9911110910146 66117116 110111 112111101116
119105116104111117116 97 115111117110100 97110100 118105103111114111117115 115101108102459911111010210510010111099101 99111117108100 10497118101 119114105116116101110 101105116104101114
116104101115101 108105110101115 105110 83111110110101116 10811846584545